,City,Cloudiness,Country,Date,Humidity,Latitude,Longitude,Max Temp,Wind Speed
0,Ushuaia,20,AR,1574129986,75,-54.81,-68.31,44.6,4.7
1,Georgetown,20,GY,1574130111,88,6.8,-58.16,80.6,4.7
2,Mataura,100,NZ,1574130111,76,-46.19,168.86,53.01,15.01
3,Atuona,0,PF,1574130111,76,-9.8,-139.03,79.7,12.21
4,Punta Arenas,75,CL,1574129901,66,-53.16,-70.91,48.2,5.82
5,Taihe,0,CN,1574130111,39,26.8,114.92,57.65,7.7
6,Kodiak,75,US,1574130112,87,39.95,-94.76,55.0,3.36
7,Torbay,90,CA,1574130112,66,47.66,-52.73,37.99,3.36
8,Jamestown,84,AU,1574130112,9,-33.21,138.6,94.78,14.09
9,Egvekinot,0,RU,1574130112,93,66.32,-179.17,1.36,8.86
10,Upernavik,100,GL,1574130112,88,72.79,-56.15,20.86,10.65
11,Chokurdakh,0,RU,1574130112,97,70.62,147.9,-10.52,2.51
12,San Patricio,0,PY,1574130112,70,-26.98,-56.83,73.87,5.26
13,Puerto Colombia,75,CO,1574130112,78,10.99,-74.96,82.4,8.05
14,Dalianwan,40,CN,1574130113,30,39.03,121.69,41.0,15.66
15,Barrow,70,AR,1574130113,70,-38.31,-60.23,49.84,3.56
16,Busselton,100,AU,1574130113,32,-33.64,115.35,80.01,13.58
17,Merauke,0,ID,1574130113,46,-8.49,140.4,93.51,9.78
18,Guerrero Negro,0,MX,1574130113,63,27.97,-114.04,78.1,11.9
19,Luebo,100,CD,1574130113,97,-5.35,21.42,66.61,2.06
20,Hearst,100,CA,1574129941,98,49.69,-83.67,31.95,2.84
21,Hilo,90,US,1574130113,78,19.71,-155.08,78.8,13.87
22,Bluff,0,AU,1574130113,27,-23.58,149.07,93.15,4.76
23,Tuktoyaktuk,5,CA,1574130113,83,69.44,-133.03,-13.0,6.93
24,Waipawa,100,NZ,1574130113,58,-39.94,176.59,62.01,8.99
25,Geraldton,90,CA,1574130113,98,49.72,-86.95,32.0,4.7
26,Sabha,0,LY,1574130113,46,27.03,14.43,61.12,9.01
27,Hermanus,16,ZA,1574130113,77,-34.42,19.24,55.99,3.0
28,Yulara,0,AU,1574130113,6,-25.24,130.99,96.8,10.29
29,Moi,100,NO,1574130114,90,58.46,6.55,42.01,5.01
30,Livingston,1,US,1574130004,87,32.58,-88.19,46.4,3.27
31,Ancud,40,CL,1574130114,100,-41.87,-73.83,51.8,6.93
32,Boden,100,SE,1574130114,100,65.83,21.69,26.6,2.24
33,Saskylakh,100,RU,1574130114,96,71.97,114.09,-2.29,11.88
34,Pokhara,62,NP,1574130114,70,28.21,83.99,66.79,1.19
35,Rikitea,88,PF,1574130114,84,-23.12,-134.97,75.83,18.92
36,Vaini,40,IN,1574130114,82,15.34,74.49,68.0,2.24
37,Albany,90,US,1574130114,98,42.65,-73.75,37.0,5.82
38,Yellowknife,20,CA,1574130114,83,62.45,-114.38,-4.0,10.29
39,Qaanaaq,100,GL,1574130114,53,77.48,-69.36,7.18,7.16
40,Chernyshevskiy,22,RU,1574130114,95,63.01,112.47,-18.02,2.39
41,Gumdag,42,TM,1574130114,27,39.2,54.59,41.81,9.75
42,Khatanga,100,RU,1574130114,96,71.98,102.47,-0.6,9.19
43,Hasaki,75,JP,1574130114,88,35.73,140.83,64.0,5.82
44,Qaqortoq,91,GL,1574130115,30,60.72,-46.03,44.6,17.22
45,Hithadhoo,51,MV,1574130115,79,-0.6,73.08,82.38,12.33
46,Lasa,32,CY,1574130115,50,34.92,32.53,57.2,11.41
47,New Norfolk,75,AU,1574130050,53,-42.78,147.06,68.0,11.41
48,Dutlwe,34,BW,1574130115,54,-23.98,23.93,75.78,13.13
49,General Roca,2,AR,1574130115,63,-39.03,-67.58,62.6,6.67
50,Leningradskiy,81,RU,1574130115,91,69.38,178.42,13.3,7.54
51,Nikolskoye,90,RU,1574130115,87,59.7,30.79,44.6,15.66
52,Bara,0,NG,1574130115,34,10.41,10.6,73.87,3.31
53,Oussouye,84,SN,1574130115,59,12.49,-16.54,77.58,6.87
54,Amasya,0,TR,1574130115,51,40.65,35.83,32.0,0.94
55,Saint George,20,GR,1574130115,93,39.45,22.34,51.8,3.36
56,Bambous Virieux,75,MU,1574130115,94,-20.34,57.76,75.99,1.12
57,Kirakira,94,SB,1574130115,90,-10.46,161.92,77.18,6.11
58,Aleksandrov Gay,86,RU,1574130115,82,50.14,48.57,32.27,6.87
59,Souillac,0,FR,1574130115,100,45.6,-0.6,37.4,4.7
60,Dikson,100,RU,1574130115,94,73.51,80.55,16.57,13.6
61,Marzuq,55,YE,1574130116,52,14.4,46.47,63.39,4.29
62,Port Alfred,100,ZA,1574130116,73,-33.59,26.89,57.31,14.67
63,Hobart,75,AU,1574129851,36,-42.88,147.33,68.0,8.05
64,Kaitangata,95,NZ,1574130116,82,-46.28,169.85,51.84,16.11
65,Bombay,1,US,1574130116,74,44.94,-74.57,30.2,4.7
66,Castro,40,CL,1574130116,100,-42.48,-73.76,51.8,6.93
67,Mishkino,90,RU,1574130116,100,56.22,46.62,37.4,6.71
68,Padang,100,ID,1574130116,68,-0.92,100.36,79.83,2.21
69,Faya,33,SA,1574130116,81,18.39,42.45,53.6,1.74
70,Thompson,90,CA,1574130116,92,55.74,-97.86,21.2,9.17
71,Alyangula,40,AU,1574130116,70,-13.85,136.42,87.8,6.93
72,Tazovskiy,97,RU,1574130116,96,67.47,78.7,-7.69,8.63
73,Cabo San Lucas,20,MX,1574130116,88,22.89,-109.91,79.0,5.82
74,Beringovskiy,100,RU,1574130117,78,63.05,179.32,29.1,23.33
75,Hofn,100,IS,1574130117,71,64.25,-15.21,42.42,24.72
76,Pisco,90,PE,1574130117,82,-13.71,-76.2,66.2,11.41
77,Cayenne,1,GF,1574130117,88,4.94,-52.33,78.8,3.36
78,Mar del Plata,100,AR,1574130090,41,-46.43,-67.52,62.02,34.31
79,Shache,0,CN,1574130117,95,38.42,77.24,41.0,2.44
80,Meulaboh,100,ID,1574130117,75,4.14,96.13,78.85,1.41
81,Pangnirtung,98,CA,1574130117,89,66.15,-65.72,12.54,3.27
82,Maldonado,90,UY,1574129992,94,-34.91,-54.96,68.0,8.05
83,Sao Miguel do Araguaia,99,BR,1574130010,89,-13.28,-50.16,73.31,2.91
84,Pevek,100,RU,1574130117,98,69.7,170.27,-2.6,5.59
85,Puerto Ayora,89,EC,1574129868,86,-0.74,-90.35,70.0,4.0
86,Dalvik,100,SE,1574130117,93,57.79,14.13,46.99,8.05
87,Gawler,0,AU,1574130117,56,-34.6,138.75,89.01,10.29
88,Moose Factory,90,CA,1574130118,100,51.26,-80.61,30.2,3.36
89,Norman Wells,40,CA,1574130118,83,65.28,-126.83,-9.4,2.55
90,Cape Town,20,ZA,1574130118,67,-33.93,18.42,60.01,13.87
91,Labuhan,10,ID,1574130118,72,-2.54,115.51,85.86,1.79
92,Lebu,75,ET,1574130118,76,8.96,38.73,55.4,4.7
93,Bodden Town,20,KY,1574130118,69,19.28,-81.25,79.0,9.73
94,Carnarvon,100,ZA,1574130118,55,-30.97,22.13,49.71,9.17
95,Paks,57,HU,1574130118,62,46.62,18.86,47.61,6.73
96,Provideniya,75,RU,1574130118,79,64.42,-173.23,26.6,17.9
97,Cidreira,0,BR,1574130118,80,-30.17,-50.22,70.63,23.8
98,Babu,64,CN,1574130118,60,23.23,104.89,64.94,2.91
99,Troitskoye,100,RU,1574130118,94,52.98,84.68,20.61,8.05
100,East London,100,ZA,1574130118,66,-33.02,27.91,63.32,17.11
101,Longyearbyen,75,NO,1574130118,96,78.22,15.63,32.0,13.87
102,Ponta do Sol,100,BR,1574130118,90,-20.63,-46.0,66.92,3.02
103,Iisalmi,90,FI,1574130118,100,63.56,27.19,39.2,9.17
104,Lima,75,PE,1574130071,82,-12.06,-77.04,66.2,12.75
105,Ilulissat,87,GL,1574130119,85,69.22,-51.1,19.4,3.36
106,Avarua,31,CK,1574130119,69,-21.21,-159.78,78.8,11.41
107,Waingapu,0,ID,1574130119,72,-9.65,120.26,82.0,2.51
108,Derac,89,HT,1574130119,94,19.65,-71.82,70.86,2.04
109,Kapaa,1,US,1574130020,65,22.08,-159.32,82.4,11.41
110,Boguchany,100,RU,1574130119,80,58.38,97.46,-2.49,7.4
111,Butaritari,91,KI,1574130119,61,3.07,172.79,83.82,5.48
112,Iqaluit,75,CA,1574130119,73,63.75,-68.52,21.2,8.05
113,Hervey Bay,40,AU,1574130119,48,-25.3,152.85,88.0,12.75
114,Saint-Philippe,75,CA,1574130119,68,45.36,-73.48,30.0,8.05
115,Arraial do Cabo,100,BR,1574130120,87,-22.97,-42.02,72.45,15.93
116,Boyolangu,79,ID,1574130120,56,-8.09,111.9,87.96,8.25
117,Mount Isa,57,AU,1574130120,7,-20.73,139.49,102.2,6.93
118,Port Elizabeth,90,US,1574130120,93,39.31,-74.98,44.01,4.03
119,Luangwa,94,MZ,1574130120,72,-15.62,30.4,76.21,1.68
120,Xining,100,CN,1574130083,30,36.62,101.77,30.63,2.35
121,Saint-Augustin,75,CA,1574130120,68,45.63,-73.98,28.99,8.05
122,Conceicao do Araguaia,17,BR,1574130120,92,-8.26,-49.26,73.27,2.59
123,Lata,0,IN,1574130120,12,30.78,78.62,31.64,4.36
124,Esperance,100,AU,1574130120,41,-33.86,121.89,77.0,5.82
125,Ribeira Grande,100,PT,1574130121,70,38.52,-28.7,57.13,12.73
126,Cherskiy,0,RU,1574130121,97,68.75,161.3,-17.14,2.01
127,Bathurst,0,AU,1574130121,19,-33.42,149.58,91.99,7.0
128,Russellville,90,US,1574130121,75,35.28,-93.13,53.01,1.68
129,Nichinan,40,JP,1574130121,48,31.65,131.31,60.8,10.29
130,Terney,26,RU,1574130121,70,45.05,136.61,15.39,10.54
131,Ostrovnoy,54,RU,1574130121,93,68.05,39.51,17.46,11.34
132,Verkhnyaya Maksakovka,90,RU,1574130121,92,61.63,50.97,6.8,11.18
133,Jieshi,17,CN,1574130121,64,22.82,115.83,66.0,3.0
134,Klaksvik,100,FO,1574130121,61,62.23,-6.59,32.0,2.24
135,Rocha,26,UY,1574129966,96,-34.48,-54.34,64.62,6.55
136,Byron Bay,0,AU,1574130121,58,-28.65,153.62,93.2,14.99
137,Torzhok,71,RU,1574130122,93,57.04,34.97,35.44,5.88
138,Urla,81,TR,1574130122,93,38.32,26.77,55.0,2.75
139,Nuuk,98,GL,1574130122,73,64.17,-51.74,26.6,4.7
140,Starkville,90,US,1574129978,93,33.45,-88.82,44.6,3.53
141,Codrington,40,AU,1574130122,23,-28.95,153.24,93.2,8.05
142,Vardo,90,US,1574130122,86,39.62,-77.74,41.0,2.48
143,Sambava,6,MG,1574130122,89,-14.27,50.17,75.15,1.9
144,Slavutych,100,UA,1574130122,83,51.52,30.76,39.76,6.38
145,Tuatapere,25,NZ,1574130122,76,-46.13,167.69,53.01,15.01
146,Bethel,1,US,1574130122,84,60.79,-161.76,3.2,16.11
147,Kahului,75,US,1574130122,83,20.89,-156.47,77.0,16.11
148,Seoul,40,KR,1574130122,43,37.57,126.98,37.4,5.82
149,Suntar,98,RU,1574130122,93,62.16,117.65,-12.14,5.17
150,Tiksi,96,RU,1574130122,87,71.64,128.87,-9.47,5.03
151,Lorengau,59,PG,1574130122,70,-2.02,147.27,84.81,8.59
152,Bilma,0,NE,1574130122,20,18.69,12.92,74.75,6.06
153,Victoria,75,BN,1574130123,74,5.28,115.24,86.0,4.7
154,Yenagoa,82,NG,1574130123,95,4.92,6.26,75.45,2.68
155,Isangel,75,VU,1574130123,65,-19.55,169.27,82.4,16.11
156,Aykhal,90,RU,1574130123,83,65.95,111.51,-4.0,6.71
157,Otradnoye,90,RU,1574130123,87,59.77,30.8,44.6,15.66
158,Bonavista,94,CA,1574130123,87,48.65,-53.11,37.99,5.01
159,Alugan,33,PH,1574130123,75,12.22,125.48,83.32,4.63
160,Teahupoo,75,PF,1574130123,69,-17.83,-149.27,80.6,6.93
161,Manaus,73,BR,1574130123,94,-3.13,-59.98,77.0,3.09
162,Kars,0,TR,1574130123,78,40.61,43.1,15.8,2.24
163,Dingle,15,PH,1574130123,73,11.0,122.67,84.07,3.83
164,Nouadhibou,3,MR,1574130123,63,20.93,-17.03,64.4,12.75
165,Raahe,90,FI,1574130123,93,64.68,24.47,37.4,11.41
166,Pacific Grove,1,US,1574130123,72,36.62,-121.92,64.99,7.83
167,Ambilobe,41,MG,1574130123,76,-13.19,49.05,78.49,7.76
168,Correntina,100,BR,1574130124,94,-13.34,-44.63,69.75,2.21
169,Taoudenni,99,ML,1574130124,14,22.68,-3.98,56.34,5.91
170,Fortuna,90,US,1574130124,100,40.6,-124.16,57.99,3.36
171,Mayo,90,CA,1574130124,77,63.59,-135.9,5.0,2.24
172,Nhulunbuy,20,AU,1574130124,62,-12.18,136.78,87.8,12.75
173,Goose Creek,90,US,1574129936,70,38.32,-85.65,43.0,2.04
174,Columbia,90,US,1574129900,93,34.0,-81.03,46.0,6.93
175,Borazjan,75,IR,1574130124,88,29.27,51.21,62.6,13.87
176,Aginskoye,0,RU,1574130124,46,51.11,114.54,4.96,10.58
177,Brae,0,GB,1574130124,62,60.4,-1.35,33.8,3.36
178,Severo-Kurilsk,38,RU,1574130124,81,50.68,156.12,28.0,10.2
179,Aden,95,YE,1574130102,78,12.79,45.03,75.76,7.2
180,Kasongo-Lunda,100,CD,1574130124,98,-6.48,16.82,66.58,1.5
181,Hafizabad,31,PK,1574130124,30,32.07,73.69,64.56,1.05
182,Baruun-Urt,0,MN,1574130125,60,46.68,113.28,2.12,12.1
183,Bulungu,100,CD,1574130125,93,-4.54,18.6,70.32,2.01
184,Tasiilaq,100,GL,1574130125,51,65.61,-37.64,35.6,28.86
185,Mahebourg,75,MU,1574130125,94,-20.41,57.7,75.99,1.12
186,Aketi,72,CD,1574130125,93,2.74,23.78,69.71,2.42
187,Agirish,91,RU,1574130125,93,61.92,63.02,-12.17,8.23
188,Chara,20,GR,1574130125,93,39.42,22.43,51.8,3.36
189,Komsomolskiy,25,RU,1574130125,85,67.55,63.78,-9.99,3.22
190,Vieques,20,PR,1574130125,78,18.43,-65.83,80.6,3.36
191,Katsuura,75,JP,1574130125,47,33.93,134.5,60.01,18.34
192,Amuntai,10,ID,1574130021,72,-2.42,115.25,85.86,1.79
193,Cortez,1,US,1574130125,44,37.35,-108.58,41.0,5.82
194,Chuy,29,UY,1574130125,84,-33.69,-53.46,67.24,5.99
195,Ambon,33,FR,1574130125,100,47.55,-2.56,45.0,2.24
196,Hambantota,40,LK,1574130125,100,6.12,81.12,77.0,1.12
197,Mahanoro,62,MG,1574130126,76,-19.9,48.8,78.66,2.8
198,Polunochnoye,0,RU,1574130126,89,60.87,60.43,-11.43,8.12
199,Inuvik,20,CA,1574130126,75,68.36,-133.71,-18.4,1.03
200,Phan Thiet,77,VN,1574130076,60,10.93,108.1,82.63,6.58
201,Bubaque,100,GW,1574130126,69,11.28,-15.83,83.44,13.42
202,Sandwick,81,GB,1574130126,100,54.57,-2.89,33.01,3.36
203,Bozuyuk,90,TR,1574130126,92,39.91,30.04,41.0,1.12
204,Kavieng,0,PG,1574130126,76,-2.57,150.8,83.59,13.31
205,Shrigonda,0,IN,1574130126,59,18.61,74.7,71.28,3.15
206,Lewistown,90,US,1574130126,86,40.39,-90.15,41.0,9.17
207,Bredasdorp,37,ZA,1574130126,81,-34.53,20.04,53.6,5.82
208,Salamiyah,0,SY,1574130126,31,35.01,37.05,49.01,7.38
209,Kuroiso,40,JP,1574130127,71,36.97,140.05,55.4,21.92
210,Bershet,0,RU,1574130127,77,57.73,56.38,-0.4,8.95
211,Kanniyakumari,5,IN,1574130127,74,8.08,77.57,82.22,13.78
212,Richards Bay,33,ZA,1574130127,84,-28.77,32.06,70.95,13.38
213,Burnie,0,AU,1574130127,35,-41.05,145.91,73.0,7.0
214,Birjand,90,IR,1574130127,34,32.86,59.22,48.2,6.93
215,Sfantu Gheorghe,90,RO,1574130127,100,44.65,26.83,55.99,3.36
216,Touros,40,BR,1574130127,78,-5.2,-35.46,78.8,8.05
217,Kitimat,75,CA,1574129868,93,54.02,-128.69,41.0,2.24
218,Bugulma,98,RU,1574130127,92,54.54,52.8,28.62,10.98
219,Northam,91,AU,1574130127,44,-31.65,116.67,77.0,10.29
220,Thunder Bay,90,CA,1574129926,89,48.41,-89.26,35.01,0.98
221,Lengshuijiang,21,CN,1574130127,40,27.66,111.45,52.18,4.54
222,Ilo,4,PE,1574130127,84,-17.65,-71.34,65.39,2.46
223,Bacolod,49,PH,1574130127,78,10.68,122.95,83.14,6.98
224,Sulangan,5,PH,1574130128,77,11.14,123.72,82.17,2.39
225,Acapulco,75,MX,1574130128,74,16.86,-99.88,84.2,8.05
226,Cockburn Town,40,TC,1574130128,65,21.46,-71.14,80.6,6.93
227,Kralendijk,3,BQ,1574130128,83,12.15,-68.27,78.8,4.7
228,Kingisepp,90,RU,1574130128,90,59.38,28.61,41.67,10.56
229,Tommot,100,RU,1574130128,93,58.97,126.27,-15.81,5.5
230,Beyneu,33,KZ,1574130128,55,45.32,55.19,34.41,5.86
231,Mamakan,0,RU,1574130128,92,57.82,114.02,-19.39,1.52
232,Pundaguitan,55,PH,1574130128,75,6.37,126.17,82.4,4.36
233,Atambua,49,ID,1574130128,52,-9.11,124.89,86.54,6.24
234,Port Hardy,90,CA,1574130128,87,50.7,-127.42,48.2,3.36
235,Vestmannaeyjar,100,IS,1574130128,87,63.44,-20.27,43.84,50.85
236,Aklavik,20,CA,1574130128,75,68.22,-135.01,-18.4,4.5
237,San Jeronimo,100,PE,1574130128,94,-13.65,-73.37,49.95,0.92
238,Banisor,0,RO,1574130128,100,47.12,22.85,37.4,2.68
239,Caravelas,71,BR,1574130129,94,-17.73,-39.27,71.58,2.17
240,Barra do Corda,67,BR,1574130129,88,-5.5,-45.25,73.62,2.53
241,Airai,3,TL,1574130129,25,-8.93,125.41,87.96,8.7
242,Teknaf,0,BD,1574130129,57,20.86,92.31,77.41,0.96
243,Lincoln,0,GB,1574129848,87,53.23,-0.54,32.0,9.17
244,Snezhnogorsk,75,RU,1574130129,92,69.19,33.23,26.6,6.71
245,Mehamn,93,NO,1574130129,88,71.03,27.85,24.06,11.97
246,Poum,18,MK,1574130129,82,41.28,20.71,41.63,4.16
247,Tateyama,75,JP,1574130129,76,36.66,137.31,55.0,11.41
248,Soller,20,DE,1574130129,93,50.73,6.56,43.0,8.05
249,Harper,1,US,1574130129,71,30.3,-99.24,60.01,3.36
250,Ballyhaunis,100,IE,1574130129,99,53.76,-8.77,46.0,16.82
251,Ayacucho,98,PE,1574130129,81,-13.16,-74.23,44.58,5.61
252,Along,95,IN,1574130129,88,28.17,94.8,62.06,2.89
253,Riyadh,75,SA,1574130065,93,24.63,46.72,60.8,2.24
254,Gra Liyia,40,GR,1574130130,82,35.02,25.68,66.0,2.24
255,Irece,63,BR,1574130130,65,-11.3,-41.86,71.42,8.72
256,Kununurra,0,AU,1574130130,30,-15.77,128.74,98.6,8.05
257,Linhares,100,BR,1574129940,95,-19.38,-40.06,73.02,1.21
258,Uri,53,IN,1574130130,53,34.09,74.03,38.26,10.54
259,Sungaipenuh,70,ID,1574129838,64,-2.08,101.38,76.24,3.04
260,Rundu,64,NA,1574130130,53,-17.91,19.77,75.2,5.82
261,Rosetta,0,EG,1574130130,54,31.4,30.42,70.54,16.73
262,Garden City,1,US,1574129920,52,43.62,-116.24,48.2,2.01
263,Bayan,92,CN,1574130130,29,36.1,102.26,29.68,3.22
264,Avera,1,US,1574130130,93,33.19,-82.53,54.0,3.36
265,Praia da Vitoria,75,PT,1574130131,82,38.73,-27.07,59.0,11.81
266,Moron,79,HT,1574130131,80,18.56,-74.26,78.21,3.85
267,Yafran,0,LY,1574130131,67,32.06,12.53,50.72,12.19
268,Kuching,75,MY,1574130131,70,1.56,110.34,86.0,4.7
269,Humberto de Campos,0,BR,1574130131,92,-2.6,-43.46,75.58,4.21
270,Bamako,11,ML,1574129875,38,12.65,-8.0,75.2,8.05
271,Svobodnyy,86,RU,1574130131,93,53.85,40.53,36.0,2.77
272,Togur,100,RU,1574130131,96,58.36,82.83,5.47,7.63
273,Fort Nelson,75,CA,1574130131,84,58.81,-122.69,6.8,4.7
274,Boa Vista,50,BR,1574129847,78,2.82,-60.67,80.6,6.93
275,Kumluca,0,TR,1574130131,45,36.37,30.29,56.46,3.56
276,Gilbues,69,BR,1574130131,85,-9.83,-45.34,72.52,2.08
277,Zyryanovsk,100,KZ,1574130131,96,49.74,84.27,24.15,4.92
278,Pringsewu,88,ID,1574130131,51,-5.36,104.98,86.99,4.85
279,Imbituba,20,BR,1574130132,77,-28.24,-48.67,69.8,3.36
280,Gamba,0,CN,1574130132,44,28.28,88.52,26.26,3.22
281,Gerash,40,IR,1574130132,100,27.67,54.14,51.8,5.61
282,Kiunga,2,PG,1574130132,44,-6.12,141.3,96.26,1.68
283,Inirida,76,CO,1574130132,85,3.87,-67.92,74.61,1.74
284,Veraval,90,FR,1574130132,100,49.65,0.71,42.8,2.24
285,Svetlogorsk,90,RU,1574130132,85,53.14,59.15,10.4,15.66
286,Henties Bay,65,NA,1574130132,83,-22.12,14.28,60.01,1.99
287,Urambo,4,TZ,1574130132,94,-5.07,32.07,64.0,3.22
288,Nabire,79,ID,1574130132,50,-3.36,135.5,90.73,5.23
289,Gasa,18,BT,1574130132,48,27.91,89.73,28.65,4.29
290,Singleton,0,AU,1574130132,13,-32.57,151.17,95.0,11.41
291,Noumea,41,NC,1574129860,45,-22.28,166.46,86.0,14.99
292,Puerto Madryn,0,AR,1574130132,29,-42.77,-65.04,65.03,14.38
293,Mandalgovi,78,MN,1574130132,43,45.76,106.27,16.75,11.99
294,Cururupu,53,BR,1574130132,99,-1.82,-44.87,72.59,1.83
295,Port Blair,20,IN,1574129998,94,11.67,92.75,77.0,2.24
296,Deputatskiy,47,RU,1574130133,99,69.3,139.9,-17.68,1.63
297,Orlik,17,PL,1574130133,86,53.95,17.74,42.01,9.17
298,Kalispell,90,US,1574130062,93,48.2,-114.32,44.01,4.7
299,Matara,39,BI,1574130133,91,-3.48,29.48,56.14,2.62
300,Morondava,54,MG,1574130133,80,-20.3,44.28,77.45,2.08
301,Ilhabela,89,BR,1574130133,87,-23.78,-45.36,71.78,17.31
302,Hamilton,90,CA,1574130013,100,43.26,-79.87,37.99,6.93
303,Bella Vista,100,AR,1574130133,73,-27.03,-65.31,77.0,5.82
304,Daru,49,PG,1574130133,67,-9.07,143.21,84.96,9.04
305,Leh,4,IN,1574130133,38,34.16,77.58,10.89,4.27
306,Oskemen,90,KZ,1574130133,80,49.96,82.61,30.2,15.66
307,Sao Joao da Barra,100,BR,1574130133,88,-21.64,-41.05,74.21,7.45
308,Vaitape,1,PF,1574129883,72,-16.52,-151.75,79.93,7.72
309,Perth,100,AU,1574130129,47,-31.95,115.86,77.0,9.17
310,Ati,99,TD,1574130134,20,13.21,18.34,79.65,5.7
311,Bowen,26,AU,1574130134,48,-20.01,148.25,88.0,12.75
312,Rock Springs,1,US,1574130134,56,41.59,-109.2,42.8,9.17
313,Bogorodskoye,100,RU,1574130134,87,52.37,140.44,21.06,10.38
314,Yurla,0,RU,1574130134,89,59.33,54.32,0.03,4.85
315,Houma,0,CN,1574130134,22,35.63,111.36,47.86,1.68
316,Hammerfest,100,NO,1574130134,79,70.66,23.68,26.6,12.75
317,Paita,14,PE,1574130134,84,-5.09,-81.11,65.59,7.52
318,Iwanai,100,JP,1574130134,91,42.97,140.51,27.91,18.63
319,Somerville,90,US,1574130135,93,40.57,-74.61,42.01,3.69
320,Niono,75,ML,1574130135,19,14.25,-5.99,75.33,10.09
321,Gizo,0,IL,1574130135,17,31.8,34.94,63.0,3.36
322,Port-Cartier,75,CA,1574130135,79,50.03,-66.88,21.0,5.82
323,Badvel,85,IN,1574130135,83,14.74,79.07,77.9,3.53
324,Constitucion,90,MX,1574130135,72,23.99,-104.67,59.0,3.36
325,Talara,25,PE,1574130135,89,-4.58,-81.27,67.66,14.85
326,Lavrentiya,28,RU,1574130135,74,65.58,-170.99,22.69,17.02
327,Yumen,100,CN,1574130135,15,40.29,97.04,33.15,20.69
328,Vlagtwedde,90,DE,1574130135,93,53.03,7.11,46.4,10.29
329,Emerald,0,AU,1574130135,36,-23.53,148.16,91.99,12.75
330,Xichang,98,CN,1574130135,88,27.88,102.25,43.97,4.65
331,Kruisfontein,1,ZA,1574130135,76,-34.0,24.73,51.71,9.31
332,Half Moon Bay,40,US,1574129909,93,37.46,-122.43,66.99,12.75
333,Silver City,75,US,1574130135,31,32.77,-108.28,55.0,9.17
334,Alpena,90,US,1574130135,93,45.06,-83.43,36.0,3.36
335,Kavaratti,63,IN,1574130136,72,10.57,72.64,82.72,3.51
336,Alamogordo,1,US,1574130136,32,32.9,-105.96,55.4,5.82
337,Kamaishi,75,JP,1574130136,87,39.28,141.86,48.2,2.24
338,Pervomayskiy,92,RU,1574130136,93,53.24,40.29,32.99,3.98
339,Sitka,67,US,1574130136,53,37.17,-99.65,50.0,7.63
340,Balaipungut,100,ID,1574130136,60,1.11,101.31,88.99,0.45
341,Harlingen,90,NL,1574130136,87,53.18,5.41,46.4,13.87
342,Cap Malheureux,75,MU,1574130136,94,-19.98,57.61,75.99,1.12
343,Gualeguaychu,6,AR,1574130136,74,-33.01,-58.51,73.0,3.56
344,Diu,100,IN,1574130136,60,20.71,70.98,80.01,16.67
345,Chibuto,44,MZ,1574130136,94,-24.69,33.53,70.88,4.38
346,Umm Kaddadah,2,SD,1574130136,18,13.6,26.69,69.69,10.63
347,Fairbanks,90,US,1574129989,84,64.84,-147.72,3.2,0.36
348,Axim,100,GH,1574130136,95,4.87,-2.24,75.25,1.59
349,Buenos Aires,40,AR,1574130018,83,-34.61,-58.44,78.01,2.24
350,Rauma,90,FI,1574130136,93,61.13,21.5,42.8,10.29
351,Baker City,1,US,1574130137,49,44.77,-117.83,53.6,6.93
352,Shintomi,40,JP,1574130137,48,32.08,131.47,60.8,10.29
353,Saldanha,81,PT,1574130137,88,41.42,-6.55,37.58,0.78
354,Catalina,90,PE,1574130137,82,-13.57,-76.13,66.2,11.41
355,Talaya,75,RU,1574130137,84,55.79,84.89,1.4,6.71
356,Naryan-Mar,0,RU,1574130137,83,67.67,53.09,-5.22,7.47
357,Poli,41,CM,1574130137,43,8.48,13.24,72.61,3.24
358,Maracacume,0,BR,1574130137,90,-2.04,-45.96,73.92,2.01
359,Puerto Penasco,100,MX,1574130092,53,31.32,-113.53,73.0,3.0
360,Niquelandia,80,BR,1574130137,84,-14.47,-48.46,69.8,2.73
361,Namatanai,5,PG,1574130137,71,-3.66,152.44,84.87,9.89
362,Shubarshi,80,KZ,1574130137,87,48.59,57.19,28.72,11.79
363,Sakaiminato,40,JP,1574130137,37,35.55,133.23,55.4,23.04
364,North Bend,75,US,1574130137,93,43.41,-124.22,57.0,9.17
365,Ahuimanu,75,US,1574130138,69,21.44,-157.84,84.2,6.93
366,North Myrtle Beach,90,US,1574129928,87,33.83,-78.68,48.99,4.7
367,Bourg-en-Bresse,75,FR,1574130138,96,46.21,5.22,41.0,2.24
368,Nome,1,US,1574130138,76,30.04,-94.42,55.99,0.38
369,Inhambane,64,MZ,1574130138,86,-23.87,35.38,75.9,9.13
370,Acajutla,0,SV,1574130138,60,13.59,-89.83,83.07,3.6
371,Honningsvag,100,NO,1574130138,81,70.98,25.97,33.76,26.49
372,Coquimbo,0,CL,1574130138,93,-29.95,-71.34,57.2,14.94
373,Port Shepstone,89,ZA,1574130138,83,-30.74,30.45,63.09,5.53
374,Marrakesh,20,MA,1574130138,76,31.63,-7.99,53.6,3.36
375,Kirensk,1,RU,1574130138,88,57.78,108.12,-15.36,3.11
376,Bandarbeyla,99,SO,1574130139,81,9.49,50.81,80.55,11.92
377,Moindou,93,NC,1574130139,45,-21.69,165.68,86.0,14.99
378,Luderitz,100,NA,1574130139,71,-26.65,15.16,55.4,18.34
379,Luau,98,CD,1574130139,99,-10.7,22.23,64.29,3.11
380,Windsor,1,US,1574130021,100,42.3,-83.03,37.0,3.58
381,Beidao,81,CN,1574130139,54,34.57,105.89,44.17,0.78
382,Salalah,20,OM,1574130139,73,17.01,54.1,77.0,2.24
383,Laguna,40,BZ,1574130139,94,16.17,-88.94,71.6,2.48
384,Zhuhai,0,CN,1574130139,31,40.71,112.04,21.2,4.47
385,Sur,0,OM,1574130139,70,22.57,59.53,72.95,0.22
386,Bathsheba,75,BB,1574130139,78,13.22,-59.52,82.4,10.29
387,Quelimane,75,MZ,1574130139,94,-17.88,36.89,73.4,2.24
388,Shakiso,79,ET,1574130140,95,5.77,38.9,55.54,1.9
389,Medicine Hat,75,CA,1574129873,64,50.04,-110.68,39.99,3.36
390,Stavern,100,NO,1574130140,100,59.0,10.03,45.0,8.05
391,Iskateley,0,RU,1574130140,83,67.68,53.15,-5.22,7.47
392,Samfya,96,ZM,1574130140,89,-11.37,29.56,66.9,1.92
393,Magadi,40,IN,1574130140,100,12.96,77.22,77.0,1.12
394,Zhigansk,91,RU,1574130140,97,66.77,123.37,-11.54,11.34
395,Tura,0,RU,1574130140,92,64.27,100.22,-27.78,0.25
396,Coahuayana,100,MX,1574130140,76,18.62,-100.35,74.07,3.27
397,Big Rapids,90,US,1574129915,93,43.7,-85.48,37.99,1.68
398,Falmouth,100,GB,1574130140,81,50.16,-5.07,51.01,9.17
399,Salym,100,RU,1574130140,95,60.06,71.48,-19.28,8.55
400,San Cristobal,64,HN,1574130140,89,14.68,-86.92,62.74,2.1
401,Mingaora,17,PK,1574130140,32,34.78,72.36,44.83,8.34
402,Bonthe,67,SL,1574130140,84,7.53,-12.5,78.82,3.83
403,Sao Filipe,71,CV,1574130141,82,14.9,-24.5,73.18,20.98
404,Copperas Cove,1,US,1574130141,48,31.12,-97.9,62.01,4.7
405,Sapa,40,PH,1574130141,66,14.32,120.76,87.8,8.05
406,Alofi,28,NU,1574130141,72,-19.06,-169.92,78.39,9.78
407,Hualmay,73,PE,1574130141,84,-11.1,-77.61,61.02,2.68
408,Fuyang,6,CN,1574130141,13,32.89,115.81,52.34,6.58
409,Juarez,21,AR,1574130141,63,-38.95,-67.92,62.6,7.74
410,Beaverlodge,75,CA,1574130141,74,55.21,-119.43,33.8,6.93
411,Eyl,100,SO,1574130141,80,7.98,49.82,80.01,12.33
412,Monteagudo,0,BO,1574130141,43,-19.8,-63.96,65.62,3.24
413,Bereznik,0,RU,1574130141,95,62.86,42.71,16.54,4.36
414,Skibbereen,75,IE,1574130141,76,51.55,-9.27,48.2,19.46
415,Dindori,65,IN,1574130141,50,22.94,81.08,67.32,0.96
416,Taunggyi,1,MM,1574130141,59,20.78,97.03,72.28,3.91
417,La Ronge,90,CA,1574130142,86,55.1,-105.3,30.2,16.11
418,Tondi,90,EE,1574130142,93,59.41,24.72,45.0,8.05
419,Fallon,1,US,1574130142,86,46.84,-105.12,37.0,6.93
420,Ahipara,100,NZ,1574130142,67,-35.17,173.16,73.0,3.0
421,Aktau,0,KZ,1574130142,73,43.65,51.16,24.8,6.71
422,Homer,75,US,1574130142,80,59.64,-151.54,33.8,4.7
423,Plouzane,20,FR,1574130142,93,48.38,-4.62,44.01,6.93
424,Clyde River,75,CA,1574130142,84,70.47,-68.59,3.2,8.05
425,Marawi,52,PH,1574130142,76,8.0,124.29,82.99,4.0
426,Meadow Lake,100,CA,1574130142,81,54.13,-108.44,33.67,8.32
427,Ridgecrest,20,US,1574130142,15,35.62,-117.67,64.99,3.8
428,Koltubanovskiy,99,RU,1574130142,94,52.94,52.03,36.7,5.97
429,Playas,39,EC,1574130142,86,-2.64,-80.39,71.31,9.46
430,Skjervoy,100,NO,1574130143,70,70.03,20.97,35.76,12.24
431,Sovetskiy,100,RU,1574130143,94,56.76,48.47,30.56,8.14
432,Catia La Mar,40,VE,1574130143,88,10.6,-67.03,78.8,1.12
433,Tezu,19,IN,1574130143,66,27.93,96.16,70.39,2.46
434,Shaoyang,85,CN,1574130143,44,27.23,111.45,50.27,4.9
435,Sidney,1,US,1574130143,52,47.72,-104.16,41.0,11.41
436,Vyartsilya,100,RU,1574130143,91,62.18,30.69,39.09,10.76
437,Mackay,1,CA,1574130143,68,53.65,-115.58,33.8,2.33
438,Mount Gambier,90,AU,1574129854,77,-37.83,140.78,60.8,8.05
439,Yar-Sale,89,RU,1574130143,85,66.83,70.83,-10.93,12.19
440,Shenjiamen,58,CN,1574130143,68,29.96,122.3,55.44,22.91
441,Vostochnyy,90,RU,1574130143,100,55.82,37.87,37.4,11.18
442,Yeppoon,12,AU,1574130040,41,-23.13,150.74,91.4,4.7
443,Atar,100,MR,1574130143,18,20.52,-13.05,70.14,9.62
444,Adre,100,TD,1574130144,19,13.47,22.2,69.55,11.77
445,Angoram,90,PG,1574130144,60,-4.06,144.07,91.18,1.36
446,Rabo de Peixe,75,PT,1574130144,77,37.8,-25.58,60.8,10.29
447,Lompoc,1,US,1574130144,65,34.64,-120.46,66.2,8.32
448,Husavik,100,CA,1574130144,94,50.56,-96.99,36.0,5.01
449,Baoqing,100,CN,1574130144,79,46.32,132.2,11.32,13.6
450,Kaeo,86,NZ,1574130144,67,-35.1,173.78,73.0,3.0
451,Bontang,53,ID,1574130144,72,0.12,117.47,83.26,9.93
452,Bulalacao,37,PH,1574130144,74,13.7,123.78,82.04,4.27
453,Loknya,94,RU,1574130144,94,54.21,39.24,36.0,3.47
454,Saiha,0,IN,1574130144,45,22.49,92.98,74.03,0.43
455,Angoche,100,MZ,1574130144,89,-16.23,39.91,76.48,3.78
456,Sao Felix do Xingu,82,BR,1574130144,96,-6.64,-51.99,71.73,0.92
457,Puerto Escondido,75,MX,1574130145,74,15.86,-97.07,82.4,5.82
458,Bambanglipuro,100,ID,1574130145,65,-7.95,110.28,83.75,6.17
459,Carutapera,0,BR,1574130145,79,-1.2,-46.02,81.16,10.76
460,Taksimo,74,RU,1574130145,79,56.36,114.84,-15.41,2.17
461,Kohima,0,IN,1574130145,54,25.66,94.1,63.3,2.68
462,Puerto Leguizamo,27,CO,1574130145,99,-0.19,-74.78,70.75,2.24
463,Narsaq,100,GL,1574130145,30,60.91,-46.05,44.6,17.22
464,Masiga,11,PH,1574130145,79,13.36,121.83,84.99,3.0
465,Juegang,0,CN,1574130145,37,32.31,121.18,63.0,11.36
466,Khandagayty,100,MN,1574130145,80,50.73,92.07,7.77,4.16
467,Menongue,100,AO,1574130145,66,-14.66,17.68,61.25,5.3
468,Miraflores,67,PE,1574129935,55,-16.39,-71.52,57.2,5.82
469,Palmer,0,AU,1574130145,56,-34.85,139.16,89.01,10.29
470,Manokwari,87,ID,1574130145,87,-0.87,134.08,77.38,2.93
471,Ayan,42,IR,1574130145,51,38.23,44.7,23.07,4.12
472,Bien Hoa,40,VN,1574130145,78,10.95,106.82,82.4,4.03
473,Podgorenskiy,42,RU,1574130145,91,50.4,39.64,31.87,3.09
474,Wanganui,100,NZ,1574130008,59,-39.93,175.05,62.01,24.0
475,Namibe,54,AO,1574130146,80,-15.19,12.15,69.84,15.99
476,San Angelo,1,US,1574129958,44,31.46,-100.44,57.99,8.05
477,Faanui,1,PF,1574130146,72,-16.48,-151.75,79.93,7.72
478,Vakhrushev,100,RU,1574130146,96,48.99,142.86,33.91,13.71
479,Fairlie,1,US,1574130146,58,33.31,-95.96,61.0,3.36
480,Udachnyy,90,RU,1574129981,83,66.42,112.4,-4.0,6.71
481,Sanford,90,US,1574130146,93,43.44,-70.77,39.2,13.87
482,Bissau,96,GW,1574130146,58,11.86,-15.58,76.37,4.34
483,Hirara,75,JP,1574130146,82,24.8,125.28,69.8,24.16
484,Wynyard,0,AU,1574130146,35,-40.99,145.73,73.0,7.0
485,Lerwick,0,GB,1574130146,86,60.15,-1.15,33.8,4.7
486,Verkhoyansk,94,RU,1574130146,100,67.55,133.39,-21.68,2.01
487,Nemuro,20,JP,1574130146,45,43.32,145.57,44.6,14.99
488,Vanimo,100,PG,1574130146,72,-2.67,141.3,83.98,10.0
489,Sombrerete,5,MX,1574130147,86,23.63,-103.64,53.1,1.66
490,Itarema,5,BR,1574130147,88,-2.92,-39.92,76.84,5.3
491,Yangambi,89,CD,1574130147,98,0.77,24.47,69.17,1.25
492,Gat,64,SN,1574130147,69,14.69,-16.54,73.4,18.34
493,Kjollefjord,93,NO,1574130147,84,70.95,27.35,27.9,17.27
494,Grieskirchen,40,AT,1574130147,84,48.23,13.83,35.01,5.82
495,Hami,92,CN,1574130147,18,42.84,93.51,28.08,4.36
496,De Aar,100,ZA,1574130147,30,-30.65,24.01,51.08,5.28
497,Fengcheng,0,CN,1574130147,33,40.45,124.07,25.03,11.39
498,Pomabamba,81,PE,1574130147,94,-8.82,-77.46,42.21,3.36
499,Tucupita,38,VE,1574130147,97,9.06,-62.05,73.76,2.64
500,Esil,100,KZ,1574130148,89,51.96,66.41,4.8,13.76
501,Evansville,1,US,1574130146,80,37.97,-87.56,41.0,3.36
502,Grants Pass,90,US,1574130148,71,42.44,-123.33,57.2,3.15
503,Hinatuan,34,PH,1574130148,75,8.37,126.34,82.31,4.59
504,Oranjestad,20,AW,1574130148,78,12.52,-70.03,82.4,8.05
505,Rawson,0,AR,1574130148,50,-43.3,-65.11,61.9,10.11
506,Beloha,0,MG,1574130148,81,-25.17,45.06,72.1,4.16
507,Srednekolymsk,44,RU,1574130148,97,67.46,153.71,-14.19,7.18
508,Usogorsk,0,RU,1574130148,93,63.43,48.71,1.22,7.38
509,Higueron,75,PA,1574130148,94,8.5,-82.29,77.0,2.24
510,Malia,40,GR,1574130148,82,35.28,25.46,66.0,2.24
511,Antofagasta,20,CL,1574130148,82,-23.65,-70.4,62.6,2.24
512,Naze,100,NG,1574130148,97,5.43,7.07,73.83,2.77
513,Elko,1,US,1574129869,52,40.83,-115.76,50.0,3.36
514,Bouillante,1,FR,1574130149,100,48.53,-1.73,37.4,4.7
515,Fayaoue,89,NC,1574130149,74,-20.65,166.53,74.95,11.81
516,Poronaysk,100,RU,1574130149,96,49.22,143.1,33.91,13.71
517,Margate,75,AU,1574130149,69,-43.03,147.26,63.0,11.41
518,Nishihara,40,JP,1574130149,63,35.74,139.53,73.0,3.36
519,Cabatuan,100,PH,1574130149,74,16.95,121.67,82.02,4.92
520,Huilong,100,CN,1574130149,75,31.15,106.5,51.15,3.22
521,Batagay-Alyta,95,RU,1574130149,82,67.8,130.41,-7.78,3.33
522,Invermere,100,CA,1574130149,94,50.51,-116.03,33.01,3.91
523,Tshikapa,100,CD,1574130149,96,-6.42,20.79,68.94,0.96
524,Isla Vista,1,US,1574130149,34,34.41,-119.86,68.0,3.47
525,Awjilah,0,LY,1574130149,53,29.14,21.3,60.35,7.07
526,Sola,92,TZ,1574130150,87,-3.17,33.8,66.15,6.33
527,Maragogi,75,BR,1574130150,77,-9.01,-35.22,79.0,15.05
528,Vuktyl,0,RU,1574130150,87,63.86,57.31,-9.78,4.18
529,Huntsville,90,US,1574130022,75,34.73,-86.59,46.0,3.69
530,Swan River,100,CA,1574130150,97,52.11,-101.27,35.62,7.45
531,Roros,100,NO,1574130150,100,62.57,11.38,33.8,13.87
532,Bisira,100,PA,1574130150,95,8.52,-81.71,65.05,3.56
533,Asbestos,75,CA,1574130150,93,45.78,-71.93,32.0,6.93
534,Makakilo City,75,US,1574129896,69,21.35,-158.09,84.2,8.05
535,Bang Saphan,95,TH,1574130150,88,11.21,99.51,80.6,3.36
536,Zhavoronki,90,RU,1574130150,96,55.64,37.1,37.4,6.71
537,San Policarpo,33,PH,1574130150,75,12.18,125.51,83.32,4.63
538,Kempsey,90,AU,1574130150,23,-31.08,152.84,93.0,11.41
539,Talnakh,75,RU,1574130150,84,69.49,88.39,-0.4,4.47
540,Benidorm,0,ES,1574130150,65,38.54,-0.13,53.01,8.05
541,Banjar,92,ID,1574130151,68,-7.37,108.54,85.1,2.95
542,Olinda,97,AU,1574130151,59,-37.84,145.39,72.0,9.17
543,Westport,90,US,1574130147,93,41.14,-73.36,44.6,4.7
544,Prince Rupert,90,CA,1574130151,100,54.32,-130.32,42.8,3.36
545,Carauari,85,BR,1574130151,95,-4.88,-66.9,74.95,2.39
546,White Rock,90,CA,1574130150,81,49.02,-122.8,50.0,6.93
547,Novyy Urengoy,38,RU,1574130151,95,66.08,76.63,-12.64,12.03
548,Aripuana,100,BR,1574130151,99,-9.17,-60.63,73.08,3.18
549,Adrar,0,DZ,1574130151,31,27.87,-0.29,48.2,6.93
550,Lokosovo,100,RU,1574130151,96,61.13,74.84,-16.49,9.71
551,Havre-Saint-Pierre,75,CA,1574130151,85,50.23,-63.6,19.4,4.7
552,Hornepayne,100,CA,1574130151,98,49.22,-84.78,32.58,4.99
553,Dunedin,100,NZ,1574130152,76,-45.87,170.5,57.0,5.99
554,Puri,1,ID,1574130152,42,-7.54,112.45,93.96,4.83
